8.399999999999994138e-01
2.166407044497612389e-22
1.344000000000004080e-01
4.690387420368905910e-22
2.150400000000024861e-02
6.532952197313504049e-22
3.440639999999980502e-03
8.024953702100244443e-22
5.505023999999465994e-04
9.442188088946805694e-22
8.808038399999220129e-05
1.094013048684856388e-21
1.409286143999544390e-05
1.260217229966730984e-21
2.254857830396634532e-06
1.448484988142667083e-21
3.607772528646282199e-07
1.663517976799496564e-21
5.772436045806723561e-08
1.909983346030785151e-21
9.235897673234704763e-09
2.192751455453619209e-21
1.477743627738853763e-09
2.517146398445042408e-21
2.364389804492482198e-10
2.889695654083327904e-21
3.783023687015769962e-11
3.317256236889629251e-21
6.052837899497885500e-12
3.808094810012317667e-21
9.684540641205634459e-13
4.371447957983450469e-21
1.549526500469078667e-13
5.018222576658818750e-21
2.479242391336824511e-14
5.760686543723115531e-21
3.966787802260261932e-15
6.613069211961111312e-21
6.346860396918493235e-16
7.591581666589907362e-21
1.015497748147621075e-16
8.714780765812871890e-21
1.624796573370959504e-17
1.000412909521658418e-20
2.599673464087526331e-18
1.148443362970401760e-20
4.159479084880846226e-19
1.318369502039478977e-20
6.655194598924198645e-20
1.513437098972025486e-20
1.064820753242302340e-20
1.737373826698878778e-20
1.703679499649595793e-21
1.994421123869390971e-20
2.725824122613666912e-22
2.289508196888400530e-20
4.361535273748793103e-23
2.628261363793697361e-20
6.979411791034422070e-24
3.017138699625817574e-20
1.116590319153762444e-24
3.463592248646073593e-20
1.788135035318658654e-25
3.976034931728947125e-20
2.855173694602668316e-26
4.564320931702979406e-20
4.542000990065810319e-27
5.239666901964242094e-20
7.539411889349078674e-28
6.014909905652696504e-20
1.221800815630486682e-28
6.904878321816920960e-20
1.780606937454961208e-29
7.926542177361458316e-20
2.542534973831409645e-30
9.099336002951566739e-20
3.506878835933269009e-31
1.044568190086380785e-19
2.745410828582390500e-31
1.199121678833417800e-19
2.651759356819509529e-32
1.376541450867605151e-19
1.200751887575585587e-32
1.580213427847746374e-19
6.551808648306434568e-33
1.814022489968971195e-19
4.813955524620411813e-32
2.082421540418701668e-19
1.571171556685655322e-32
2.390536039691863816e-19
1.204376589762211910e-34
2.744234551826800143e-19
1.395498695489305025e-32
3.150272584711743033e-19
2.063177025706184893e-32
3.616383232455423840e-19
9.307437262897130678e-33
4.151458721315084365e-19
1.904447757051551137e-32
4.765707084709845028e-19
